0.199498 0.200001 0 0.400002 0.200001 0.200001 0.199498 0.200001 0 0.199498 0.199498 0.400002 0.387297 0.387297 0.387297 0.387297
0 0 0.241801

0.266163 0.266666 0.0666656 0.466667 0.266666 0.266666 0.266163 0.266666 0.0666656 0.266163 0.266163 0.466667 0.395582 0.395582 0.395582 0.395582
0 0 0.161641

0.311179 0.307499 0.114998 0.311179 0.307499 0.252483 0.508335 0.252483 0.258954 0.40139 0.312017 0.454568 0.405374 0.405374 0.405374 0.405374
-0.0567771 -0.0800972 0.113985

0.341639 0.302258 0.149755 0.342202 0.302258 0.266223 0.536297 0.266223 0.412691 0.405624 0.419792 0.412691 0.415829 0.416328 0.416328 0.415829
-0.116294 -0.247639 0.165993

0.411816 0.258275 0.419115 0.419115 0.258275 0.221082 0.41711 0.221082 0.422223 0.411995 0.432495 0.422223 0.49327 0.49569 0.49569 0.49327
-0.062556 -0.0735569 0.113418

0.419262 0.268007 0.428121 0.428121 0.268007 0.228797 0.426277 0.228797 0.432663 0.419788 0.445591 0.432663 0.50171 0.504484 0.504484 0.50171
-0.0715573 -0.0822071 0.120219

10 :
0.369331 0.487095 0.429011 0.429011 0.487095 0.268171 0.475422 0.268166 0.487747 0.467251 0.508347 0.487745 0.377883 0.554896 0.554896 0.377883
-0.194957 -0.174877 0.139879

15:
0.418617 0.52286 0.478011 0.478011 0.52286 0.306296 0.522514 0.30624 0.540144 0.516901 0.563652 0.540127 0.427672 0.600512 0.600512 0.427672
-0.203858 -0.183067 0.14484